0 424 402
1 49 169
2 14 218
3 4 251
4 276 241
5 407 213
6 247 11
7 21 304
8 92 300
9 207 229
10 352 152
11 17 71
12 132 492
13 135 59
14 114 354
15 251 405
16 113 429
17 150 258
18 21 55
19 130 22
20 490 60
21 454 334
22 147 193
23 86 76
24 200 242
25 171 34
26 313 306
27 63 384
28 14 421
29 410 365
30 23 78
31 220 286
32 345 47
33 111 447
34 100 478
35 1 230
36 300 232
37 478 18
38 79 121
39 292 222
40 45 78
41 205 436
42 271 59
43 459 213
44 326 428
45 244 177
46 75 167
47 48 135
48 496 225
49 335 295
50 414 35
51 472 125
52 347 279
53 440 88
54 331 136
55 492 79
56 443 202
57 145 91
58 418 420
59 50 418
60 243 136
61 166 312
62 101 401
63 169 313
64 181 269
65 416 55
66 235 229
67 424 361
68 4 418
69 442 249
70 436 154
71 254 51
72 225 76
73 167 188
74 194 244
75 332 451
76 166 32
77 306 41
78 133 224
79 464 380
80 342 77
81 461 118
82 3 169
83 88 176
84 138 178
85 93 247
86 77 234
87 33 358
88 320 351
89 252 198
90 268 132
91 476 275
92 48 125
93 117 313
94 164 355
95 44 8
96 477 236
97 445 220
98 463 322
99 317 128
