0 469 97
1 481 147
2 379 395
3 87 336
4 340 465
5 361 329
6 269 257
7 265 362
8 182 189
9 447 217
10 68 483
11 296 75
12 496 485
13 295 234
14 394 434
15 295 324
16 231 201
17 185 126
18 472 124
19 207 188
20 261 306
21 387 368
22 425 313
23 4 386
24 340 314
25 23 246
26 236 3
27 189 378
28 416 395
29 95 175
30 233 38
31 34 376
32 474 204
33 77 418
34 302 140
35 18 278
36 141 335
37 167 109
38 499 355
39 451 345
40 11 281
41 72 10
42 395 189
43 286 300
44 6 76
45 322 221
46 291 258
47 189 319
48 208 432
49 322 11
50 151 425
51 163 105
52 112 21
53 271 364
54 206 365
55 253 438
56 245 114
57 108 329
58 213 198
59 44 490
60 484 328
61 228 279
62 144 441
63 455 51
64 91 251
65 306 109
66 445 67
67 135 110
68 330 147
69 296 445
70 386 253
71 95 94
72 255 340
73 178 456
74 488 37
75 39 431
76 75 115
77 146 248
78 236 63
79 90 208
80 13 406
81 46 177
82 372 160
83 282 61
84 103 19
85 255 100
86 340 219
87 12 69
88 44 432
89 238 413
90 439 110
91 163 40
92 483 160
93 163 322
94 256 357
95 75 5
96 132 224
97 67 49
98 403 82
99 7 145
100 179 143
101 95 174
102 43 413
103 493 166
104 74 182
105 136 373
106 47 378
107 15 280
108 28 380
109 471 220
110 324 141
111 477 111
112 221 27
113 8 306
114 406 217
115 395 494
116 346 332
117 320 297
118 180 345
119 6 477
120 36 358
121 329 389
122 14 403
123 316 164
124 29 495
125 38 109
126 54 185
127 141 189
128 472 113
129 137 45
130 322 315
131 98 189
132 396 374
133 182 198
134 166 186
135 70 39
136 345 368
137 447 251
138 384 280
139 125 67
140 56 329
141 360 387
142 29 193
143 387 292
144 453 339
145 14 168
146 318 54
147 55 306
148 13 416
149 493 169
150 193 325
151 422 156
152 471 19
153 268 173
154 64 474
155 287 410
156 492 177
157 297 105
158 190 135
159 235 108
160 384 385
161 171 265
162 159 165
163 239 148
164 96 128
165 46 243
166 470 208
167 374 139
168 456 140
169 123 185
170 174 167
171 310 192
172 156 420
173 322 295
174 39 213
175 48 259
176 393 462
177 409 78
178 404 340
179 470 263
180 439 68
181 243 398
182 404 398
183 374 13
184 190 127
185 100 156
186 435 454
187 81 262
188 410 110
189 165 313
190 276 10
191 478 224
192 224 196
193 270 249
194 25 192
195 163 293
196 372 393
197 10 459
198 116 0
199 429 301
200 219 76
201 3 287
202 86 483
203 190 292
204 476 487
205 416 263
206 271 463
207 315 425
208 405 461
209 176 388
210 207 427
211 335 267
212 472 306
213 206 191
214 77 371
215 435 352
216 256 26
217 452 313
218 495 274
219 58 449
220 363 139
221 478 33
222 495 338
223 257 318
224 255 194
225 10 353
226 357 252
227 206 76
228 439 253
229 207 412
230 227 440
231 350 469
232 489 199
233 224 393
234 3 8
235 76 221
236 19 477
237 219 339
238 21 233
239 41 304
240 432 398
241 308 422
242 340 16
243 151 137
244 161 264
245 105 372
246 479 202
247 44 173
248 470 377
249 397 265
250 102 348
251 466 141
252 364 154
253 484 9
254 479 152
255 214 163
256 402 87
257 330 345
258 199 61
259 255 485
260 290 232
261 17 157
262 232 398
263 77 451
264 311 157
265 97 203
266 34 142
267 449 493
268 206 258
269 199 127
270 9 85
271 37 22
272 494 67
273 65 85
274 230 194
275 413 109
276 74 245
277 65 325
278 447 486
279 63 124
280 327 26
281 167 329
282 69 251
283 68 292
284 309 393
285 146 417
286 134 214
287 498 257
288 44 143
289 151 25
290 194 303
291 131 328
292 405 106
293 419 255
294 411 28
295 260 123
296 8 162
297 163 110
298 59 454
299 236 490
300 69 482
301 412 155
302 354 494
303 304 482
304 153 239
305 370 435
306 98 333
307 274 336
308 347 197
309 446 350
310 121 400
311 96 33
312 357 111
313 373 354
314 23 431
315 185 304
316 433 162
317 472 393
318 446 385
319 28 34
320 3 26
321 29 90
322 491 370
323 469 153
324 339 36
325 498 172
326 411 172
327 69 66
328 97 138
329 394 456
330 301 435
331 430 266
332 79 9
333 201 27
334 297 412
335 486 139
336 382 366
337 8 10
338 48 157
339 298 56
340 255 336
341 183 79
342 92 218
343 381 481
344 253 11
345 48 434
346 190 68
347 200 195
348 89 131
349 200 381
350 487 342
351 121 9
352 156 361
353 335 130
354 58 295
355 406 433
356 297 293
357 377 325
358 29 181
359 204 350
360 406 189
361 161 7
362 369 21
363 23 396
364 21 60
365 366 172
366 349 35
367 218 259
368 216 136
369 434 72
370 459 258
371 92 387
372 271 238
373 393 325
374 0 489
375 32 6
376 42 69
377 4 79
378 19 403
379 278 236
380 341 63
381 184 98
382 290 40
383 24 366
384 458 207
385 166 323
386 318 369
387 306 82
388 451 364
389 105 399
390 85 103
391 387 93
392 366 72
393 377 214
394 299 431
395 58 340
396 346 349
397 336 260
398 135 448
399 1 250
400 145 73
401 297 19
402 108 136
403 297 407
404 402 455
405 351 206
406 415 378
407 149 6
408 386 79
409 288 452
410 353 178
411 47 200
412 452 486
413 464 54
414 79 371
415 127 489
416 263 187
417 473 48
418 439 435
419 64 434
420 4 415
421 98 264
422 82 314
423 331 269
424 310 281
425 82 121
426 306 459
427 448 30
428 111 270
429 419 189
430 15 9
431 334 58
432 382 9
433 481 46
434 31 151
435 41 70
436 297 376
437 162 120
438 103 456
439 1 263
440 74 269
441 313 9
442 77 387
443 342 473
444 455 161
445 37 439
446 322 303
447 407 111
448 131 199
449 149 13
450 239 355
451 253 432
452 205 65
453 312 238
454 21 287
455 123 388
456 29 314
457 259 308
458 415 225
459 88 351
460 268 258
461 447 118
462 268 268
463 154 220
464 234 305
465 41 81
466 319 128
467 251 19
468 91 107
469 414 6
470 237 75
471 248 227
472 357 221
473 395 122
474 115 241
475 456 16
476 426 310
477 187 76
478 490 360
479 231 426
480 483 418
481 354 142
482 404 416
483 64 464
484 457 470
485 66 452
486 121 304
487 365 389
488 248 466
489 249 359
490 237 159
491 0 253
492 424 93
493 443 478
494 375 487
495 53 433
496 98 199
497 334 128
498 161 185
499 436 26
