424 402
49 169
14 218
4 251
276 241
407 213
247 11
21 304
92 300
207 229
352 152
17 71
132 492
135 59
114 354
251 405
113 429
150 258
21 55
130 22
490 60
454 334
147 193
86 76
200 242
171 34
313 306
63 384
14 421
410 365
23 78
220 286
345 47
111 447
100 478
1 230
300 232
478 18
79 121
292 222
45 78
205 436
271 59
459 213
326 428
244 177
75 167
48 135
496 225
335 295
414 35
472 125
347 279
440 88
331 136
492 79
443 202
145 91
418 420
50 418
243 136
166 312
101 401
169 313
181 269
416 55
235 229
424 361
4 418
442 249
436 154
254 51
225 76
167 188
194 244
332 451
166 32
306 41
133 224
464 380
342 77
461 118
3 169
88 176
138 178
93 247
77 234
33 358
320 351
252 198
268 132
476 275
48 125
117 313
164 355
44 8
477 236
445 220
463 322
317 128
